version https://git-lfs.github.com/spec/v1
oid sha256:e766c42cbaad6c18855679e8f14da83a0ce3e9efadb9d8c0ca3dc0ff3a3f26f0
size 139773029
